$ 1 0.000005 0.8729138363720133 20 5 43
155 752 0 832 0 0 0
155 752 128 800 128 0 0
155 752 256 784 256 0 0
155 752 384 800 384 0 0
w 752 32 720 32 0
w 720 32 720 160 0
w 752 160 720 160 0
w 720 160 720 288 0
w 752 288 720 288 0
w 720 288 720 416 0
w 752 416 720 416 0
w 720 416 720 464 0
R 720 464 720 496 1 2 100 2.5 2.5 0 0.5
O 848 0 880 0 0 0
O 848 128 880 128 0 0
O 848 256 880 256 0 0
O 848 384 864 384 0 0
152 704 128 752 128 0 2 0 5
152 704 256 752 256 0 2 0 5
152 704 384 752 384 0 2 0 5
152 704 0 752 0 0 2 0 5
152 608 -32 688 -32 0 2 0 5
152 608 32 688 32 0 2 0 5
w 688 32 688 16 0
w 688 16 704 16 0
w 688 -32 688 -16 0
w 688 -16 704 -16 0
152 608 96 688 96 0 2 0 5
152 608 160 688 160 0 2 0 5
152 608 224 688 224 0 2 0 5
152 608 288 688 288 0 2 0 5
152 608 352 688 352 0 2 0 5
152 608 416 688 416 0 2 0 5
w 688 160 688 144 0
w 688 144 704 144 0
w 688 96 688 112 0
w 688 112 704 112 0
w 688 224 688 240 0
w 688 240 704 240 0
w 688 288 688 272 0
w 688 272 704 272 0
w 688 352 688 368 0
w 688 368 704 368 0
w 688 416 688 400 0
w 688 400 704 400 0
w 608 -48 576 -48 0
w 576 -48 576 -192 0
w 608 -16 560 -16 0
w 560 -16 560 -192 0
w 608 16 544 16 0
w 544 16 544 -192 0
w 608 48 528 48 0
w 528 48 528 -192 0
150 784 -352 784 -224 0 2 0 5
150 736 -432 736 -368 0 2 0 5
150 832 -432 832 -368 0 2 5 5
w 736 -368 736 -352 0
w 736 -352 768 -352 0
w 832 -368 832 -352 0
w 832 -352 800 -352 0
w 784 -224 784 -208 0
w 784 -208 576 -208 0
w 576 -208 576 -192 0
150 608 -336 608 -240 0 2 0 5
150 640 -432 640 -368 0 2 5 5
w 640 -368 640 -336 0
w 640 -336 624 -336 0
w 592 -336 592 -432 0
w 608 -240 608 -224 0
w 608 -224 560 -224 0
w 560 -224 560 -192 0
150 544 -336 544 -240 0 2 0 5
w 544 -192 544 -240 0
w 560 -336 560 -432 0
w 528 -336 528 -432 0
w 528 -192 528 -208 0
w 528 -208 496 -208 0
w 496 -208 496 -336 0
w 496 -336 496 -432 0
x 825 -212 858 -209 4 24 M0
w 496 -544 496 -496 0
w 496 -496 496 -432 0
w 544 -544 544 -528 0
w 544 -528 528 -528 0
w 528 -528 528 -480 0
w 592 -544 592 -496 0
w 592 -496 592 -432 0
w 640 -560 720 -560 0
w 720 -544 720 -496 0
w 720 -496 720 -432 0
I 496 -496 560 -496 0 0.5 5
w 560 -496 560 -432 0
w 560 -496 624 -496 0
w 624 -496 624 -432 0
w 624 -496 752 -496 0
w 752 -496 752 -432 0
I 528 -464 656 -464 0 0.5 5
w 608 -544 848 -544 0
I 848 -528 848 -432 0 0.5 5
w 720 -544 720 -560 0
w 848 -528 848 -544 0
w 592 -544 608 -544 0
w 592 -544 592 -560 0
w 656 -464 656 -432 0
w 656 -464 816 -464 0
w 816 -464 816 -432 0
w 528 -432 528 -464 0
w 528 -480 528 -464 0
w 96 -480 96 -464 0
w 96 -432 96 -464 0
w 384 -464 384 -432 0
w 224 -464 384 -464 0
w 224 -464 224 -432 0
w 160 -544 160 -560 0
w 160 -544 176 -544 0
w 416 -528 416 -544 0
w 288 -544 288 -560 0
I 416 -528 416 -432 0 0.5 5
w 176 -544 416 -544 0
I 96 -464 224 -464 0 0.5 5
w 320 -496 320 -432 0
w 192 -496 320 -496 0
w 192 -496 192 -432 0
w 128 -496 192 -496 0
w 128 -496 128 -432 0
I 64 -496 128 -496 0 0.5 5
w 288 -496 288 -432 0
w 288 -544 288 -496 0
w 208 -560 288 -560 0
w 160 -496 160 -432 0
w 160 -544 160 -496 0
w 96 -528 96 -480 0
w 112 -528 96 -528 0
w 112 -544 112 -528 0
w 64 -496 64 -432 0
w 64 -544 64 -496 0
w 64 -336 64 -432 0
w 64 -208 64 -336 0
w 96 -208 64 -208 0
w 96 -192 96 -208 0
w 96 -336 96 -432 0
w 128 -336 128 -432 0
w 112 -192 112 -240 0
150 112 -336 112 -240 0 2 0 5
w 128 -224 128 -192 0
w 176 -224 128 -224 0
w 176 -240 176 -224 0
w 160 -336 160 -432 0
w 208 -336 192 -336 0
w 208 -368 208 -336 0
150 208 -432 208 -368 0 2 5 5
150 176 -336 176 -240 0 2 0 5
w 144 -208 144 -192 0
w 352 -208 144 -208 0
w 352 -224 352 -208 0
w 400 -352 368 -352 0
w 400 -368 400 -352 0
w 304 -352 336 -352 0
w 304 -368 304 -352 0
150 400 -432 400 -368 0 2 5 5
150 304 -432 304 -368 0 2 0 5
150 352 -352 352 -224 0 2 0 5
150 -496 -352 -496 -224 0 2 0 5
150 -544 -432 -544 -368 0 2 0 5
150 -448 -432 -448 -368 0 2 5 5
w -544 -368 -544 -352 0
w -544 -352 -512 -352 0
w -448 -368 -448 -352 0
w -448 -352 -480 -352 0
w -496 -224 -496 -208 0
w -496 -208 -704 -208 0
w -704 -208 -704 -192 0
150 -672 -336 -672 -240 0 2 0 5
150 -640 -432 -640 -368 0 2 5 5
w -640 -368 -640 -336 0
w -640 -336 -656 -336 0
w -688 -336 -688 -432 0
w -672 -240 -672 -224 0
w -672 -224 -720 -224 0
w -720 -224 -720 -192 0
150 -736 -336 -736 -240 0 2 0 5
w -736 -192 -736 -240 0
w -720 -336 -720 -432 0
w -752 -336 -752 -432 0
w -752 -192 -752 -208 0
w -752 -208 -784 -208 0
w -784 -208 -784 -336 0
w -784 -336 -784 -432 0
R -1680 -672 -1680 -624 0 0 40 5 0 0 0.5
w -784 -544 -784 -496 0
w -784 -496 -784 -432 0
w -736 -544 -736 -528 0
w -736 -528 -752 -528 0
w -752 -528 -752 -480 0
w -688 -544 -688 -496 0
w -688 -496 -688 -432 0
w -640 -560 -560 -560 0
w -560 -544 -560 -496 0
w -560 -496 -560 -432 0
I -784 -496 -720 -496 0 0.5 5
w -720 -496 -720 -432 0
w -720 -496 -656 -496 0
w -656 -496 -656 -432 0
w -656 -496 -528 -496 0
w -528 -496 -528 -432 0
I -752 -464 -624 -464 0 0.5 5
w -672 -544 -432 -544 0
I -432 -528 -432 -432 0 0.5 5
w -560 -544 -560 -560 0
w -432 -528 -432 -544 0
w -688 -544 -672 -544 0
w -688 -544 -688 -560 0
w -624 -464 -624 -432 0
w -624 -464 -464 -464 0
w -464 -464 -464 -432 0
w -752 -432 -752 -464 0
w -752 -480 -752 -464 0
w -320 -480 -320 -464 0
w -320 -432 -320 -464 0
w -32 -464 -32 -432 0
w -192 -464 -32 -464 0
w -192 -464 -192 -432 0
w -256 -544 -256 -560 0
w -256 -544 -240 -544 0
w 0 -528 0 -544 0
w -128 -544 -128 -560 0
I 0 -528 0 -432 0 0.5 5
w -240 -544 0 -544 0
I -320 -464 -192 -464 0 0.5 5
w -96 -496 -96 -432 0
w -224 -496 -96 -496 0
w -224 -496 -224 -432 0
w -288 -496 -224 -496 0
w -288 -496 -288 -432 0
I -352 -496 -288 -496 0 0.5 5
w -128 -496 -128 -432 0
w -128 -544 -128 -496 0
w -208 -560 -128 -560 0
w -256 -496 -256 -432 0
w -256 -544 -256 -496 0
w -320 -528 -320 -480 0
w -304 -528 -320 -528 0
w -304 -544 -304 -528 0
w -352 -496 -352 -432 0
w -352 -544 -352 -496 0
w -352 -336 -352 -432 0
w -352 -208 -352 -336 0
w -320 -208 -352 -208 0
w -320 -192 -320 -208 0
w -320 -336 -320 -432 0
w -288 -336 -288 -432 0
w -304 -192 -304 -240 0
150 -304 -336 -304 -240 0 2 0 5
w -288 -224 -288 -192 0
w -240 -224 -288 -224 0
w -240 -240 -240 -224 0
w -256 -336 -256 -432 0
w -208 -336 -224 -336 0
w -208 -368 -208 -336 0
150 -208 -432 -208 -368 0 2 5 5
150 -240 -336 -240 -240 0 2 0 5
w -272 -208 -272 -192 0
w -64 -208 -272 -208 0
w -64 -224 -64 -208 0
w -16 -352 -48 -352 0
w -16 -368 -16 -352 0
w -112 -352 -80 -352 0
w -112 -368 -112 -352 0
150 -16 -432 -16 -368 0 2 5 5
150 -112 -432 -112 -368 0 2 0 5
150 -64 -352 -64 -224 0 2 0 5
w 144 -192 144 80 0
w 144 80 608 80 0
w 128 -192 128 96 0
w 128 96 128 112 0
w 128 112 608 112 0
w 112 -192 112 144 0
w 112 144 608 144 0
w 96 -192 96 176 0
w 96 176 608 176 0
w -272 -192 -272 208 0
w -272 208 608 208 0
w -288 -192 -288 240 0
w -288 240 608 240 0
w -304 -192 -304 272 0
w -304 272 608 272 0
w -320 -192 -320 304 0
w -320 304 608 304 0
w -704 -192 -704 336 0
w -688 336 608 336 0
w -704 336 -688 336 0
w 608 368 -720 368 0
w 608 400 -736 400 0
w 608 432 -752 416 0
w -720 368 -720 -192 0
w -736 400 -736 -192 0
w -752 416 -752 -192 0
b 448 -700 888 -176 0
b 34 -704 437 -181 0
b -399 -702 20 -179 0
b -816 -704 -411 -180 0
x 382 -211 415 -208 4 24 M1
x -29 -205 4 -202 4 24 M2
x -469 -208 -436 -205 4 24 M3
x -800 -723 -771 -720 4 24 P0
x -750 -722 -721 -719 4 24 P1
x -652 -720 -623 -717 4 24 P3
x -700 -721 -671 -718 4 24 P2
x -264 -721 -235 -718 4 24 P2
x -216 -720 -187 -717 4 24 P3
x -314 -722 -285 -719 4 24 P1
x -364 -723 -335 -720 4 24 P0
x 149 -718 178 -715 4 24 P2
x 197 -717 226 -714 4 24 P3
x 99 -719 128 -716 4 24 P1
x 49 -720 78 -717 4 24 P0
x 577 -718 606 -715 4 24 P2
x 625 -717 654 -714 4 24 P3
x 527 -719 556 -716 4 24 P1
x 477 -720 506 -717 4 24 P0
x 911 15 977 18 4 24 ackP0
x 916 135 982 138 4 24 ackP1
x 909 387 975 390 4 24 ackP3
x 913 263 979 266 4 24 ackP2
185 -1264 -896 -1136 -896 0 2
185 -1488 -896 -1360 -896 0 2
185 -1712 -896 -1584 -896 0 2
185 -1040 -896 -912 -896 0 2
s -1680 -672 -1680 -736 0 1 false
s -1648 -672 -1648 -736 0 1 false
R -1648 -672 -1648 -624 0 0 40 5 0 0 0.5
R -1424 -672 -1424 -624 0 0 40 5 0 0 0.5
s -1424 -672 -1424 -736 0 1 false
s -1456 -672 -1456 -736 0 1 false
R -1456 -672 -1456 -624 0 0 40 5 0 0 0.5
R -1200 -672 -1200 -624 0 0 40 5 0 0 0.5
s -1200 -672 -1200 -736 0 1 false
s -1232 -672 -1232 -736 0 1 false
R -1232 -672 -1232 -624 0 0 40 5 0 0 0.5
R -976 -672 -976 -624 0 0 40 5 0 0 0.5
s -976 -672 -976 -736 0 1 false
s -1008 -672 -1008 -736 0 1 false
R -1008 -672 -1008 -624 0 0 40 5 0 0 0.5
w -784 -544 -784 -688 0
w -736 -544 -736 -688 0
w -688 -560 -688 -688 0
w -640 -560 -640 -688 0
w -352 -544 -352 -688 0
w -304 -544 -304 -688 0
w -256 -560 -256 -688 0
w -208 -560 -208 -688 0
w 64 -544 64 -688 0
w 112 -544 112 -688 0
w 160 -560 160 -688 0
w 208 -560 208 -688 0
w 496 -544 496 -688 0
w 544 -544 544 -688 0
w 592 -560 592 -688 0
w 640 -560 640 -688 0
x -1660 -554 -1583 -551 4 24 adr3P0
x -1755 -554 -1678 -551 4 24 adr2P0
x -1520 -550 -1443 -547 4 24 adr2P1
x -1425 -550 -1348 -547 4 24 adr3P1
x -1307 -553 -1230 -550 4 24 adr2P2
x -1212 -553 -1135 -550 4 24 adr3P2
x -1082 -551 -1005 -548 4 24 adr2P3
x -987 -551 -910 -548 4 24 adr3P3
w -1488 -896 -1488 -944 0
w -1488 -944 -1712 -944 0
w -1712 -896 -1712 -944 0
w -1488 -944 -1264 -944 0
w -1264 -896 -1264 -944 0
w -1264 -944 -1040 -944 0
w -1040 -944 -1040 -912 0
w -1712 -944 -1808 -944 0
w -1040 -912 -1040 -896 0
w -1808 -944 -1808 -640 0
w -1584 -896 -1584 -992 0
w -1584 -992 -784 -992 0
w -784 -688 -784 -992 0
w -736 -688 -736 -1008 0
w -688 -688 -688 -1024 0
w -640 -688 -640 -1040 0
w -1584 -864 -1568 -864 0
w -1568 -864 -1568 -1008 0
w -1568 -1008 -736 -1008 0
w -1584 -832 -1552 -832 0
w -1552 -832 -1552 -1024 0
w -1552 -1024 -688 -1024 0
w -1584 -800 -1536 -800 0
w -1536 -800 -1536 -1040 0
w -1536 -1040 -640 -1040 0
w -1360 -896 -1344 -896 0
w -1344 -896 -1344 -1056 0
w -1344 -1056 -352 -1056 0
w -352 -688 -352 -1056 0
w -1360 -864 -1328 -864 0
w -1360 -832 -1312 -832 0
w -1360 -800 -1296 -800 0
w -1136 -896 -1120 -896 0
w -1136 -864 -1104 -864 0
w -1136 -832 -1088 -832 0
w -1136 -800 -1072 -800 0
w -912 -896 -896 -896 0
w -912 -864 -880 -864 0
w -912 -832 -864 -832 0
w -912 -800 -848 -800 0
w -1328 -864 -1328 -1072 0
w -304 -688 -304 -1072 0
w -256 -688 -256 -1088 0
w -208 -688 -208 -1104 0
w -1328 -1072 -304 -1072 0
w -1312 -832 -1312 -1088 0
w -1312 -1088 -256 -1088 0
w -1296 -800 -1296 -1104 0
w -1296 -1104 -208 -1104 0
w -1120 -896 -1120 -1120 0
w -1120 -1120 32 -1120 0
w 64 -688 64 -1120 0
w 32 -1120 64 -1120 0
w 112 -688 112 -1136 0
w 160 -688 160 -1152 0
w 208 -688 208 -1168 0
w -1104 -864 -1104 -1136 0
w -1104 -1136 112 -1136 0
w -1088 -832 -1088 -1152 0
w -1088 -1152 160 -1152 0
w -1072 -800 -1072 -1168 0
w -1072 -1168 208 -1168 0
w -896 -896 -896 -1184 0
w -880 -864 -880 -1200 0
w -864 -832 -864 -1216 0
w -848 -800 -848 -1232 0
w -896 -1184 496 -1184 0
w 496 -688 496 -1184 0
w 544 -688 544 -1200 0
w 592 -688 592 -1216 0
w 640 -688 640 -1232 0
w -880 -1200 544 -1200 0
w -864 -1216 592 -1216 0
w -848 -1232 640 -1232 0
R -1808 -576 -1808 -528 0 0 40 5 0 0 0.5
s -1808 -576 -1808 -640 0 1 false
