$ 1 0.000005 4.621633621589249 50 5 43
150 48 384 160 384 0 2 0 5
155 64 32 128 32 0 0
155 64 144 128 144 0 5
155 208 144 272 144 0 5
155 208 32 272 32 0 0
155 496 32 560 32 0 0
155 496 144 560 144 0 5
155 352 144 416 144 0 5
155 352 32 416 32 0 0
w -16 32 64 32 0
w -32 288 48 288 0
w 48 288 48 176 0
w 48 176 64 176 0
w 48 176 48 64 0
w 48 64 64 64 0
w 208 176 192 176 0
w 208 64 192 64 0
w 192 64 192 176 0
w 192 176 192 288 0
w 352 64 336 64 0
w 336 64 336 176 0
w 336 176 352 176 0
w 496 64 480 64 0
w 480 64 480 176 0
w 480 176 496 176 0
w 336 176 336 288 0
w 480 176 480 288 0
w 64 144 -16 144 0
M 592 32 656 32 0 2.5
M 592 144 656 144 0 2.5
R -32 288 -640 288 1 2 100 2.5 2.5 0 0.5
150 240 384 352 384 0 3 0 5
150 416 384 528 384 0 3 0 5
w 352 384 416 384 0
w 48 368 48 288 0
w 192 288 192 384 0
w 160 384 192 384 0
w 192 384 240 384 0
w 48 400 32 400 0
w 32 400 32 448 0
w 240 368 240 288 0
w 48 288 240 288 0
w 240 400 240 448 0
w 416 400 416 448 0
w 416 368 416 288 0
w 240 288 416 288 0
w 336 288 336 352 0
w 336 352 352 352 0
w 352 352 352 384 0
w 480 288 528 288 0
w 528 288 528 384 0
x -619 17 -599 20 4 24 I0
x -624 129 -604 132 4 24 I1
x 178 20 207 23 4 24 X0
x 152 132 181 135 4 24 X1
x 326 19 355 22 4 24 Y0
x 588 21 624 24 4 24 W0
x 584 129 620 132 4 24 W1
x 439 134 467 137 4 24 Z1
x 298 134 327 137 4 24 Y1
x -35 436 -2 439 4 24 NX
x 172 440 205 443 4 24 NY
x 348 441 380 444 4 24 NZ
x 474 24 502 27 4 24 Z0
152 -176 496 -32 496 0 2 0 5
152 -176 640 -32 640 0 2 0 5
152 -176 784 -32 784 0 2 0 5
154 -400 528 -208 528 0 2 0 5
154 -400 464 -208 464 0 2 0 5
w -208 464 -208 480 0
w -208 480 -176 480 0
w -208 528 -208 512 0
w -208 512 -176 512 0
w -208 656 -176 656 0
w -208 672 -208 656 0
w -208 624 -176 624 0
w -208 608 -208 624 0
154 -400 608 -208 608 0 2 0 5
154 -400 672 -208 672 0 2 0 5
w -208 800 -176 800 0
w -208 816 -208 800 0
w -208 768 -176 768 0
w -208 752 -208 768 0
154 -400 752 -208 752 0 2 0 5
154 -400 816 -208 816 0 2 0 5
w -32 496 32 496 0
w 32 496 32 448 0
w 240 448 240 640 0
w 240 640 -32 640 0
w 416 448 416 784 0
w -32 784 416 784 0
w -16 32 -32 32 0
w -16 144 -32 144 0
w -32 144 -48 144 0
w -48 144 -64 144 0
w -64 144 -80 144 0
w -80 144 -96 144 0
w -32 32 -48 32 0
w -48 32 -64 32 0
w -64 32 -80 32 0
w -80 32 -96 32 0
L -608 32 -640 32 0 0 false 5 0
L -608 144 -640 144 0 1 false 5 0
w -400 448 -400 256 0
w -400 592 -416 592 0
w -416 592 -416 256 0
w -400 736 -432 736 0
w -432 736 -432 256 0
w -400 256 -64 256 0
w -64 256 -64 144 0
w -416 256 -416 240 0
w -416 240 -80 240 0
w -80 240 -80 144 0
w -432 256 -432 224 0
w -432 224 -96 224 0
w -96 224 -96 144 0
w -400 512 -448 512 0
w -448 512 -448 224 0
w -400 656 -464 656 0
w -464 656 -464 224 0
w -400 800 -480 800 0
w -480 800 -480 224 0
w -448 224 -448 112 0
w -448 112 -448 96 0
w -448 96 -64 96 0
w -64 96 -64 32 0
w -464 224 -464 80 0
w -464 80 -80 80 0
w -80 80 -80 32 0
w -480 224 -480 64 0
w -480 64 -96 64 0
w -96 64 -96 32 0
w 160 32 176 32 0
w 176 32 208 32 0
w 160 144 176 144 0
w 176 144 208 144 0
w 304 32 320 32 0
w 320 32 352 32 0
w 304 144 320 144 0
w 320 144 352 144 0
w 448 32 464 32 0
w 464 32 496 32 0
w 448 144 464 144 0
w 464 144 496 144 0
w 176 32 176 -16 0
w 176 -16 -32 -16 0
w 320 32 320 -32 0
w 320 -32 -32 -32 0
w 464 32 464 -48 0
w 464 -48 -32 -48 0
w -32 -16 -496 -16 0
w -496 -16 -496 544 0
w -496 544 -400 544 0
w -32 -32 -512 -32 0
w -512 -32 -512 688 0
w -512 688 -400 688 0
w -32 -48 -528 -48 0
w -528 -48 -528 832 0
w -528 832 -400 832 0
w 176 144 176 272 0
w 176 272 -544 272 0
w 320 144 320 304 0
w 320 304 -544 304 0
w -544 304 -560 304 0
w -544 272 -544 480 0
w -544 480 -400 480 0
w -560 304 -560 624 0
w -560 624 -400 624 0
w 464 144 464 320 0
w 464 320 -576 320 0
w -576 320 -576 768 0
w -576 768 -400 768 0
w -608 144 -96 144 0
w -96 32 -608 32 0
