$ 0 0.000005 1.0312258501325766 50 5 50
196 1504 144 1552 144 0
196 1504 32 1536 32 0
196 1504 256 1520 256 0
196 1504 368 1520 368 0
w 1600 96 1696 96 0
w 1680 112 1696 112 0
w 1680 112 1664 112 0
w 1664 112 1664 208 0
w 1600 208 1664 208 0
w 1696 128 1680 128 0
w 1680 128 1680 320 0
w 1600 320 1680 320 0
w 1696 144 1696 432 0
w 1600 432 1696 432 0
w 1504 144 1408 144 0
w 1408 144 1408 48 0
w 1504 256 1392 256 0
w 1392 256 1392 64 0
w 1504 368 1376 368 0
w 1376 368 1376 80 0
w 1376 80 1360 80 0
w 1504 64 1424 64 0
w 1424 64 1424 384 0
w 1424 384 1360 384 0
w 1504 176 1440 176 0
w 1440 176 1440 400 0
w 1440 400 1360 400 0
w 1504 288 1456 288 0
w 1456 288 1456 416 0
w 1456 416 1360 416 0
w 1504 400 1472 400 0
w 1472 400 1472 432 0
w 1472 432 1360 432 0
w 1600 32 1600 112 0
w 1600 112 1504 112 0
w 1504 112 1504 208 0
w 1600 144 1600 224 0
w 1600 224 1504 224 0
w 1504 224 1504 320 0
w 1600 256 1600 336 0
w 1600 336 1504 336 0
w 1504 336 1504 432 0
w 1600 368 1648 368 0
w 1648 368 1648 160 0
w 1648 160 1712 160 0
w 1696 144 1712 144 0
w 1696 128 1712 128 0
w 1696 112 1712 112 0
w 1696 96 1712 96 0
w 1344 384 1360 384 0
w 1344 400 1360 400 0
w 1344 416 1360 416 0
w 1344 432 1360 432 0
w 1296 448 1360 448 0
w 1296 656 1296 448 0
w 1248 656 1296 656 0
w 1152 624 1152 720 0
w 1248 624 1152 624 0
w 1248 544 1248 624 0
w 1152 512 1152 608 0
w 1248 512 1152 512 0
w 1248 432 1248 512 0
w 1152 400 1152 496 0
w 1248 400 1152 400 0
w 1248 320 1248 400 0
w 1120 720 1008 720 0
w 1120 688 1120 720 0
w 1152 688 1120 688 0
w 1104 704 1008 704 0
w 1104 576 1104 704 0
w 1152 576 1104 576 0
w 1088 688 1008 688 0
w 1088 464 1088 688 0
w 1152 464 1088 464 0
w 1072 672 1008 672 0
w 1072 352 1072 672 0
w 1152 352 1072 352 0
w 1024 368 1008 368 0
w 1024 656 1024 368 0
w 1152 656 1024 656 0
w 1040 352 1008 352 0
w 1040 544 1040 352 0
w 1152 544 1040 544 0
w 1056 336 1008 336 0
w 1056 432 1056 336 0
w 1152 432 1056 432 0
w 1152 320 1008 320 0
w 1248 720 1344 720 0
w 1344 432 1344 720 0
w 1248 608 1328 608 0
w 1328 416 1328 608 0
w 1344 416 1328 416 0
w 1248 496 1312 496 0
w 1312 400 1312 496 0
w 1328 400 1312 400 0
w 1328 400 1344 400 0
w 1248 384 1344 384 0
196 1152 656 1168 656 0
196 1152 544 1168 544 0
196 1152 320 1184 320 0
196 1152 432 1200 432 0
w 1344 -64 1360 -64 0
w 1344 -48 1360 -48 0
w 1344 -32 1360 -32 0
w 1344 -16 1360 -16 0
w 1296 0 1360 0 0
w 1296 208 1296 0 0
w 1248 208 1296 208 0
w 1152 176 1152 272 0
w 1248 176 1152 176 0
w 1248 96 1248 176 0
w 1152 64 1152 160 0
w 1248 64 1152 64 0
w 1248 -16 1248 64 0
w 1152 -48 1152 48 0
w 1248 -48 1152 -48 0
w 1248 -128 1248 -48 0
w 1120 272 1008 272 0
w 1120 240 1120 272 0
w 1152 240 1120 240 0
w 1104 256 1008 256 0
w 1104 128 1104 256 0
w 1152 128 1104 128 0
w 1088 240 1008 240 0
w 1088 16 1088 240 0
w 1152 16 1088 16 0
w 1072 224 1008 224 0
w 1072 -96 1072 224 0
w 1152 -96 1072 -96 0
w 1024 -80 1008 -80 0
w 1024 208 1024 -80 0
w 1152 208 1024 208 0
w 1040 -96 1008 -96 0
w 1040 96 1040 -96 0
w 1152 96 1040 96 0
w 1056 -112 1008 -112 0
w 1056 -16 1056 -112 0
w 1152 -16 1056 -16 0
w 1152 -128 1008 -128 0
w 1248 272 1344 272 0
w 1344 -16 1344 272 0
w 1248 160 1328 160 0
w 1328 -32 1328 160 0
w 1344 -32 1328 -32 0
w 1248 48 1312 48 0
w 1312 -48 1312 48 0
w 1328 -48 1312 -48 0
w 1328 -48 1344 -48 0
w 1248 -64 1344 -64 0
196 1152 208 1168 208 0
196 1152 96 1168 96 0
196 1152 -128 1184 -128 0
196 1152 -16 1200 -16 0
152 1456 96 1504 96 0 2 0 5
w 1360 448 1440 448 0
w 1440 448 1440 112 0
w 1440 112 1456 112 0
w 1360 0 1440 0 0
w 1440 0 1440 80 0
w 1440 80 1456 80 0
w 1504 32 1408 32 0
w 1408 32 1408 -64 0
w 1408 -64 1360 -64 0
w 1408 48 1392 48 0
w 1392 48 1392 -48 0
w 1392 -48 1360 -48 0
w 1392 64 1376 64 0
w 1376 64 1376 -32 0
w 1376 -32 1360 -32 0
w 1360 80 1360 -16 0
M 1712 96 1792 96 0 2.5
M 1712 112 1792 112 0 2.5
M 1712 128 1792 128 0 2.5
M 1712 144 1792 144 0 2.5
M 1712 160 1792 160 0 2.5
150 832 -192 912 -192 0 2 0 5
150 832 -128 912 -128 0 2 0 5
150 832 -64 912 -64 0 2 0 5
150 832 0 912 0 0 2 0 5
150 832 80 912 80 0 2 0 5
150 832 144 912 144 0 2 0 5
150 832 208 912 208 0 2 0 5
150 832 272 912 272 0 2 0 5
w 912 -192 1008 -192 0
w 1008 -192 1008 -128 0
w 912 -128 992 -128 0
w 992 -128 992 -112 0
w 992 -112 1008 -112 0
w 912 -64 976 -64 0
w 976 -64 992 -64 0
w 992 -64 992 -96 0
w 992 -96 1008 -96 0
w 912 0 1008 0 0
w 1008 0 1008 -80 0
w 832 -176 800 -176 0
w 800 -176 800 -112 0
w 800 -112 832 -112 0
w 800 -112 800 -48 0
w 800 -48 832 -48 0
w 800 -48 800 16 0
w 800 16 832 16 0
w 800 16 672 16 0
w 832 -16 784 -16 0
w 832 -208 672 -208 0
w 832 -144 784 -144 0
w 784 -144 784 -192 0
w 784 -192 672 -192 0
w 832 -80 768 -80 0
w 768 -80 768 -176 0
w 768 -176 672 -176 0
w 784 -16 752 -16 0
w 752 -16 752 -160 0
w 752 -160 672 -160 0
w 752 640 672 640 0
w 752 784 752 640 0
w 784 784 752 784 0
w 768 624 672 624 0
w 768 720 768 624 0
w 832 720 768 720 0
w 784 608 672 608 0
w 784 656 784 608 0
w 832 656 784 656 0
w 832 592 672 592 0
w 832 784 784 784 0
w 800 816 672 816 0
w 800 816 832 816 0
w 800 752 800 816 0
w 800 752 832 752 0
w 800 688 800 752 0
w 800 688 832 688 0
w 800 624 800 688 0
w 832 624 800 624 0
w 1008 800 1008 720 0
w 912 800 1008 800 0
w 992 704 1008 704 0
w 992 736 992 704 0
w 976 736 992 736 0
w 912 736 976 736 0
w 992 688 1008 688 0
w 992 672 992 688 0
w 912 672 992 672 0
w 1008 608 1008 672 0
w 912 608 1008 608 0
150 832 800 912 800 0 2 0 5
150 832 736 912 736 0 2 0 5
150 832 672 912 672 0 2 0 5
150 832 608 912 608 0 2 0 5
150 832 528 912 528 0 2 0 5
150 832 464 912 464 0 2 0 5
150 832 400 912 400 0 2 0 5
150 832 336 912 336 0 2 0 5
w 912 80 1008 80 0
w 1008 80 1008 224 0
w 912 144 992 144 0
w 992 144 992 240 0
w 992 240 1008 240 0
w 912 208 976 208 0
w 976 208 976 256 0
w 976 256 1008 256 0
w 912 272 1008 272 0
w 912 336 912 304 0
w 912 304 1008 304 0
w 1008 304 1008 320 0
w 912 400 928 400 0
w 928 400 928 336 0
w 928 336 1008 336 0
w 912 464 944 464 0
w 944 464 944 368 0
w 944 368 944 352 0
w 944 352 1008 352 0
w 912 528 960 528 0
w 960 528 960 368 0
w 960 368 1008 368 0
w 832 96 800 96 0
w 800 96 800 160 0
w 800 160 832 160 0
w 800 160 800 224 0
w 800 224 832 224 0
w 800 224 800 288 0
w 800 288 832 288 0
w 832 352 800 352 0
w 800 352 800 416 0
w 800 416 832 416 0
w 800 416 800 480 0
w 800 480 832 480 0
w 800 480 800 544 0
w 800 544 832 544 0
w 800 544 672 544 0
w 800 288 672 288 0
w 832 64 672 64 0
w 832 128 784 128 0
w 784 128 784 80 0
w 784 80 672 80 0
w 832 192 768 192 0
w 768 192 768 96 0
w 768 96 672 96 0
w 832 256 752 256 0
w 752 256 752 112 0
w 752 112 672 112 0
w 832 320 672 320 0
w 832 384 784 384 0
w 784 384 784 336 0
w 784 336 672 336 0
w 832 448 768 448 0
w 768 448 768 352 0
w 768 352 672 352 0
w 832 512 752 512 0
w 752 512 752 368 0
w 752 368 672 368 0
x 419 813 463 816 4 24 sel3
x 661 675 737 678 4 24 dataP3
x 421 530 465 533 4 24 sel2
x 663 401 739 404 4 24 dataP2
x 423 275 467 278 4 24 sel1
x 661 144 737 147 4 24 dataP1
x 430 -1 474 2 4 24 sel0
x 661 -131 737 -128 4 24 dataP0
x 1749 63 1815 66 4 24 dataM
x 824 -246 1326 -243 4 20 AND-urile\stin\slocul\sMUX-urilor\s(cand\sseli\se\s0\soutputul\se\s0)
s 560 -208 672 -208 0 1 false
s 560 -192 672 -192 0 1 false
s 560 -176 672 -176 0 1 false
s 560 -160 672 -160 0 1 false
s 560 64 672 64 0 1 false
s 560 80 672 80 0 1 false
s 560 96 672 96 0 1 false
s 560 112 672 112 0 1 false
s 560 320 672 320 0 1 false
s 560 352 672 352 0 1 false
s 560 336 672 336 0 1 false
s 560 368 672 368 0 1 false
s 560 592 672 592 0 1 false
s 560 608 672 608 0 1 false
s 560 624 672 624 0 1 false
s 560 640 672 640 0 1 false
R 560 -208 480 -208 0 0 40 5 0 0 0.5
R 560 -192 480 -192 0 0 40 5 0 0 0.5
R 560 -176 480 -176 0 0 40 5 0 0 0.5
R 560 -160 480 -160 0 0 40 5 0 0 0.5
R 560 64 480 64 0 0 40 5 0 0 0.5
R 560 80 480 80 0 0 40 5 0 0 0.5
R 560 96 480 96 0 0 40 5 0 0 0.5
R 560 112 480 112 0 0 40 5 0 0 0.5
R 560 320 480 320 0 0 40 5 0 0 0.5
R 560 336 480 336 0 0 40 5 0 0 0.5
R 560 352 480 352 0 0 40 5 0 0 0.5
R 560 368 480 368 0 0 40 5 0 0 0.5
R 560 592 480 592 0 0 40 5 0 0 0.5
R 560 608 480 608 0 0 40 5 0 0 0.5
R 560 624 480 624 0 0 40 5 0 0 0.5
R 560 640 480 640 0 0 40 5 0 0 0.5
w 672 16 592 16 0
w 592 16 528 16 0
w 528 16 528 912 0
w 672 288 544 288 0
w 544 288 544 928 0
w 672 544 560 544 0
w 560 544 560 944 0
w 672 816 576 816 0
w 576 816 576 960 0
w 528 912 1776 912 0
w 544 928 1776 928 0
w 560 944 1776 944 0
w 576 960 1776 960 0
M 1776 912 1792 912 0 2.5
M 1776 928 1792 928 0 2.5
M 1776 944 1792 944 0 2.5
M 1776 960 1792 960 0 2.5
x 1761 884 1803 887 4 24 acki
w 576 816 496 816 0
w 560 544 496 544 0
w 544 288 496 288 0
w 512 16 480 16 0
w 512 16 528 16 0
w -1088 -224 -448 -224 0
w 416 -224 416 16 0
w 416 16 480 16 0
w -1088 -224 -1232 -224 0
x -2561 -251 -2519 -248 4 24 acci
w -1232 -208 -1088 -208 0
w -1232 -192 -1088 -192 0
w -1232 -176 -1088 -176 0
x -2562 -132 -2522 -129 4 24 reqi
w -1232 -96 -1088 -96 0
w -1232 -64 -1088 -64 0
w -1232 -80 -1088 -80 0
w 496 288 416 288 0
w 496 544 416 544 0
w 496 816 416 816 0
152 304 288 416 288 0 2 0 5
w 304 -208 304 272 0
150 240 304 288 304 0 3 0 5
w -1088 -96 240 -96 0
w 240 -96 240 288 0
w 224 -224 416 -224 0
w 224 -224 224 304 0
w 224 304 240 304 0
w 288 304 304 304 0
w 240 320 192 320 0
152 320 544 416 544 0 3 0 5
152 336 816 416 816 0 4 0 5
w 192 320 112 320 0
w 208 -208 304 -208 0
150 16 544 320 544 0 3 0 5
150 16 624 320 624 0 3 0 5
w 320 624 320 560 0
w 208 -208 16 -208 0
w 16 -208 16 528 0
w 0 -80 0 544 0
w 0 544 16 544 0
w 16 560 -48 560 0
x -229 296 -157 299 4 24 eP0P1
w -48 560 -112 560 0
x -228 542 -156 545 4 24 eP1P2
w 16 624 -128 624 0
w 0 -80 -128 -80 0
w -128 -80 -128 624 0
w -128 -80 -1088 -80 0
w -112 560 -176 560 0
w 16 608 -112 608 0
w -112 608 -112 -224 0
w -448 -224 -112 -224 0
w 16 640 -240 640 0
w -176 560 -240 560 0
x -230 614 -158 617 4 24 eP0P2
w 112 320 -240 320 0
150 96 800 240 800 0 3 0 5
150 96 864 240 864 0 3 0 5
150 96 736 240 736 0 3 0 5
w 240 864 336 864 0
w 336 864 336 848 0
w 240 800 240 848 0
w 240 848 320 848 0
w 320 848 320 832 0
w 320 832 336 832 0
w 240 736 240 784 0
w 240 784 256 784 0
w 256 784 256 800 0
w 256 800 336 800 0
w -1088 -176 112 -176 0
w 112 -176 112 672 0
w 112 672 320 672 0
w 320 672 320 784 0
w 320 784 336 784 0
w -1088 -64 64 -64 0
w 64 -64 64 720 0
w 64 720 64 736 0
w 64 736 96 736 0
w 64 736 64 800 0
w 64 800 96 800 0
w 64 800 64 864 0
w 64 864 96 864 0
w 320 528 208 528 0
w 208 528 208 496 0
w 208 496 -48 496 0
w -48 496 -48 -192 0
w -48 -192 -1088 -192 0
w -48 496 -48 720 0
w -48 720 96 720 0
w 96 784 -64 784 0
w -64 784 -64 -208 0
w -64 -208 16 -208 0
w -64 -208 -1088 -208 0
w 96 848 -80 848 0
w -80 848 -80 -224 0
w -112 -224 -80 -224 0
w -80 -224 224 -224 0
w 96 880 -240 880 0
w 96 816 -240 816 0
w 96 752 -240 752 0
x -226 858 -154 861 4 24 eP0P3
x -224 796 -152 799 4 24 eP1P3
x -226 730 -154 733 4 24 eP2P3
I -336 320 -240 320 0 0.5 5
I -336 560 -240 560 0 0.5 5
I -336 640 -240 640 0 0.5 5
I -336 752 -240 752 0 0.5 5
I -336 816 -240 816 0 0.5 5
I -336 880 -240 880 0 0.5 5
w -336 560 -336 512 0
152 -608 368 -400 368 0 4 0 5
152 -576 640 -368 640 0 4 0 5
w -368 640 -336 640 0
152 -608 80 -400 80 0 4 0 5
w -368 320 -352 320 0
w -352 320 -336 320 0
152 -624 944 -416 944 0 4 0 5
152 -592 1248 -384 1248 0 4 0 5
152 -608 1520 -400 1520 0 4 0 5
w -368 752 -336 752 0
w -368 816 -336 816 0
w -368 880 -336 880 0
154 -1024 -16 -816 -16 0 2 0 5
154 -1024 48 -816 48 0 2 0 5
154 -1024 112 -816 112 0 2 0 5
154 -1024 176 -816 176 0 2 0 5
154 -1024 464 -816 464 0 2 0 5
154 -1024 400 -816 400 0 2 0 5
154 -1024 336 -816 336 0 2 0 5
154 -1024 272 -816 272 0 2 0 5
154 -1024 848 -816 848 0 2 0 5
154 -1024 912 -816 912 0 2 0 5
154 -1024 976 -816 976 0 2 0 5
154 -1024 1040 -816 1040 0 2 0 5
154 -1024 752 -816 752 0 2 0 5
154 -1024 688 -816 688 0 2 0 5
154 -1024 624 -816 624 0 2 0 5
154 -1024 560 -816 560 0 2 0 5
154 -1024 1136 -816 1136 0 2 0 5
154 -1024 1200 -816 1200 0 2 0 5
154 -1024 1264 -816 1264 0 2 0 5
154 -1024 1328 -816 1328 0 2 0 5
154 -1024 1616 -816 1616 0 2 0 5
154 -1024 1552 -816 1552 0 2 0 5
154 -1024 1488 -816 1488 0 2 0 5
154 -1024 1424 -816 1424 0 2 0 5
w -368 320 -368 80 0
w -400 80 -368 80 0
w -336 512 -336 368 0
w -336 368 -400 368 0
w -368 752 -416 752 0
w -416 752 -416 944 0
w -384 1248 -384 816 0
w -384 816 -368 816 0
w -368 880 -368 1520 0
w -400 1520 -368 1520 0
w -816 -16 -608 -16 0
w -608 -16 -608 48 0
w -816 48 -672 48 0
w -672 48 -672 64 0
w -672 64 -608 64 0
w -816 112 -672 112 0
w -672 112 -672 96 0
w -672 96 -624 96 0
w -624 96 -608 96 0
w -816 176 -608 176 0
w -608 176 -608 112 0
w -816 272 -608 272 0
w -608 272 -608 336 0
w -816 336 -672 336 0
w -672 336 -672 352 0
w -672 352 -608 352 0
w -816 400 -672 400 0
w -672 400 -672 384 0
w -672 384 -608 384 0
w -816 464 -608 464 0
w -608 464 -608 400 0
w -816 560 -608 560 0
w -576 608 -608 608 0
w -608 608 -608 560 0
w -576 672 -608 672 0
w -608 672 -608 752 0
w -608 752 -816 752 0
w -816 624 -576 624 0
w -816 688 -624 688 0
w -624 688 -624 656 0
w -624 656 -592 656 0
w -592 656 -576 656 0
w -816 848 -624 848 0
w -624 848 -624 912 0
w -816 912 -672 912 0
w -672 912 -672 928 0
w -672 928 -624 928 0
w -816 1040 -624 1040 0
w -624 1040 -624 976 0
w -816 976 -672 976 0
w -672 976 -672 960 0
w -672 960 -624 960 0
w -816 1136 -592 1136 0
w -592 1136 -592 1216 0
w -816 1328 -592 1328 0
w -592 1328 -592 1280 0
w -816 1264 -592 1264 0
w -816 1200 -624 1200 0
w -624 1200 -624 1232 0
w -624 1232 -592 1232 0
w -816 1616 -608 1616 0
w -608 1616 -608 1552 0
w -816 1424 -608 1424 0
w -608 1424 -608 1488 0
w -816 1552 -640 1552 0
w -640 1552 -640 1536 0
w -640 1536 -608 1536 0
w -816 1488 -640 1488 0
w -640 1488 -640 1504 0
w -640 1504 -608 1504 0
w -1232 -224 -2560 -224 0
w -1232 -208 -2560 -208 0
w -1232 -192 -2560 -192 0
w -1232 -176 -2560 -176 0
w -1232 -96 -2560 -96 0
w -1232 -80 -2560 -80 0
w -1232 -64 -2560 -64 0
w -2560 -112 -2352 -112 0
s -2528 48 -2352 48 0 1 false
s -2528 64 -2352 64 0 1 false
s -2528 80 -2352 80 0 1 false
s -2528 32 -2352 32 0 1 false
R -2544 32 -2608 32 0 0 40 5 0 0 0.5
R -2544 48 -2608 48 0 0 40 5 0 0 0.5
R -2544 64 -2608 64 0 0 40 5 0 0 0.5
R -2544 80 -2608 80 0 0 40 5 0 0 0.5
x -2571 6 -2494 9 4 24 addrP0
x -2571 246 -2494 249 4 24 addrP1
R -2544 320 -2608 320 0 0 40 5 0 0 0.5
R -2544 304 -2608 304 0 0 40 5 0 0 0.5
R -2544 288 -2608 288 0 0 40 5 0 0 0.5
R -2544 272 -2608 272 0 0 40 5 0 0 0.5
s -2528 272 -2352 272 0 1 false
s -2528 320 -2352 320 0 1 false
s -2528 304 -2352 304 0 1 false
s -2528 288 -2352 288 0 1 false
x -2571 502 -2494 505 4 24 addrP2
R -2544 576 -2608 576 0 0 40 5 0 0 0.5
R -2544 560 -2608 560 0 0 40 5 0 0 0.5
R -2544 544 -2608 544 0 0 40 5 0 0 0.5
R -2544 528 -2608 528 0 0 40 5 0 0 0.5
x -2571 758 -2494 761 4 24 addrP3
R -2544 832 -2608 832 0 0 40 5 0 0 0.5
R -2544 816 -2608 816 0 0 40 5 0 0 0.5
R -2544 800 -2608 800 0 0 40 5 0 0 0.5
R -2544 784 -2608 784 0 0 40 5 0 0 0.5
w -2352 32 -2240 32 0
w -2240 32 -2240 -32 0
w -2224 272 -2224 0 0
w -2224 0 -1024 0 0
w -2352 48 -2208 48 0
w -2208 48 -2208 32 0
w -2208 288 -2208 64 0
w -2208 64 -1024 64 0
w -2352 64 -2240 64 0
w -2240 64 -2240 96 0
w -2240 96 -2192 96 0
w -1024 160 -2256 160 0
w -2256 160 -2256 80 0
w -2256 80 -2352 80 0
w -1024 128 -2192 128 0
w -2192 128 -2192 304 0
w -2176 320 -2176 192 0
w -2176 192 -1024 192 0
w -2352 272 -2336 272 0
w -2336 272 -2320 272 0
w -2320 272 -2304 272 0
w -2304 272 -2288 272 0
w -2288 272 -2272 272 0
w -2272 272 -2256 272 0
w -2256 272 -2240 272 0
w -2240 272 -2224 272 0
w -2240 288 -2224 288 0
w -2256 288 -2240 288 0
w -2272 288 -2256 288 0
w -2288 288 -2272 288 0
w -2304 288 -2288 288 0
w -2320 288 -2304 288 0
w -2336 288 -2320 288 0
w -2352 288 -2336 288 0
w -2240 304 -2224 304 0
w -2256 304 -2240 304 0
w -2272 304 -2256 304 0
w -2288 304 -2272 304 0
w -2304 304 -2288 304 0
w -2320 304 -2304 304 0
w -2336 304 -2320 304 0
w -2352 304 -2336 304 0
w -2240 320 -2224 320 0
w -2256 320 -2240 320 0
w -2272 320 -2256 320 0
w -2288 320 -2272 320 0
w -2304 320 -2288 320 0
w -2320 320 -2304 320 0
w -2336 320 -2320 320 0
w -2352 320 -2336 320 0
w -2224 304 -2192 304 0
w -2224 320 -2192 320 0
w -2224 288 -2208 288 0
w -2192 320 -2176 320 0
w -2368 576 -2352 576 0
w -2352 576 -2336 576 0
w -2336 576 -2320 576 0
w -2320 576 -2304 576 0
w -2304 576 -2288 576 0
w -2288 576 -2272 576 0
w -2272 576 -2256 576 0
w -2256 576 -2240 576 0
w -2368 560 -2352 560 0
w -2352 560 -2336 560 0
w -2336 560 -2320 560 0
w -2320 560 -2304 560 0
w -2304 560 -2288 560 0
w -2288 560 -2272 560 0
w -2272 560 -2256 560 0
w -2256 560 -2240 560 0
w -2368 544 -2352 544 0
w -2352 544 -2336 544 0
w -2336 544 -2320 544 0
w -2320 544 -2304 544 0
w -2304 544 -2288 544 0
w -2288 544 -2272 544 0
w -2272 544 -2256 544 0
w -2256 544 -2240 544 0
w -2256 528 -2240 528 0
w -2272 528 -2256 528 0
w -2288 528 -2272 528 0
w -2304 528 -2288 528 0
w -2320 528 -2304 528 0
w -2336 528 -2320 528 0
w -2352 528 -2336 528 0
w -2368 528 -2352 528 0
s -2528 528 -2368 528 0 1 false
s -2528 544 -2368 544 0 1 false
s -2528 560 -2368 560 0 1 false
s -2528 576 -2368 576 0 1 false
s -2544 832 -2384 832 0 1 false
s -2544 816 -2384 816 0 1 false
s -2544 800 -2384 800 0 1 false
s -2544 784 -2384 784 0 1 false
w -2384 784 -2368 784 0
w -2368 784 -2352 784 0
w -2352 784 -2336 784 0
w -2336 784 -2320 784 0
w -2320 784 -2304 784 0
w -2304 784 -2288 784 0
w -2288 784 -2272 784 0
w -2272 784 -2256 784 0
w -2272 800 -2256 800 0
w -2288 800 -2272 800 0
w -2304 800 -2288 800 0
w -2320 800 -2304 800 0
w -2336 800 -2320 800 0
w -2352 800 -2336 800 0
w -2368 800 -2352 800 0
w -2384 800 -2368 800 0
w -2272 816 -2256 816 0
w -2288 816 -2272 816 0
w -2304 816 -2288 816 0
w -2320 816 -2304 816 0
w -2336 816 -2320 816 0
w -2352 816 -2336 816 0
w -2368 816 -2352 816 0
w -2384 816 -2368 816 0
w -2272 832 -2256 832 0
w -2288 832 -2272 832 0
w -2304 832 -2288 832 0
w -2320 832 -2304 832 0
w -2336 832 -2320 832 0
w -2352 832 -2336 832 0
w -2368 832 -2352 832 0
w -2384 832 -2368 832 0
w -2544 32 -2528 32 0
w -2544 48 -2528 48 0
w -2544 64 -2528 64 0
w -2544 80 -2528 80 0
w -2544 272 -2528 272 0
w -2544 288 -2528 288 0
w -2544 304 -2528 304 0
w -2544 320 -2528 320 0
w -2544 528 -2528 528 0
w -2544 544 -2528 544 0
w -2544 560 -2528 560 0
w -2544 576 -2528 576 0
w -2336 320 -2336 448 0
w -2336 448 -1920 448 0
w -1920 384 -2320 384 0
w -2320 384 -2320 304 0
w -2288 288 -2288 352 0
w -2288 352 -2160 352 0
w -2160 352 -2160 320 0
w -2160 320 -1920 320 0
w -2272 272 -2272 256 0
w -2272 256 -1920 256 0
w -1024 288 -1968 288 0
w -1968 288 -1968 528 0
w -1968 528 -2240 528 0
w -1024 352 -1952 352 0
w -1952 352 -1952 544 0
w -1952 544 -2240 544 0
w -1024 416 -1936 416 0
w -1936 416 -1936 560 0
w -1936 560 -2240 560 0
w -1024 480 -1920 480 0
w -1920 480 -1920 576 0
w -1920 576 -2240 576 0
w -1024 768 -1920 768 0
w -1920 768 -1920 576 0
w -1024 704 -1936 704 0
w -1936 704 -1936 560 0
w -1952 608 -1952 544 0
w -1024 640 -1952 640 0
w -1952 640 -1952 608 0
w -1024 576 -1872 576 0
w -1872 576 -1872 528 0
w -1968 528 -1872 528 0
w -2256 160 -2256 736 0
w -2256 736 -1024 736 0
w -2240 96 -2240 672 0
w -2240 672 -1024 672 0
w -2208 48 -2208 608 0
w -2208 608 -1024 608 0
w -1024 544 -1856 544 0
w -1856 544 -1856 -32 0
w -1856 -32 -1024 -32 0
w -2240 -32 -1856 -32 0
w -1840 1408 -1840 1632 0
w -1840 1632 -1024 1632 0
w -1840 1408 -1840 1344 0
w -1840 1344 -1024 1344 0
w -1840 1344 -1840 1056 0
w -1840 1056 -1024 1056 0
w -2256 832 -2256 1344 0
w -2256 1344 -1840 1344 0
w -1024 1568 -1792 1568 0
w -1024 1280 -1792 1280 0
w -1792 1280 -1792 1568 0
w -1024 992 -1792 992 0
w -1792 992 -1792 1280 0
w -1792 1280 -2240 1280 0
w -2240 1280 -2240 816 0
w -2240 816 -2256 816 0
w -1024 1504 -1760 1504 0
w -1024 1216 -1760 1216 0
w -1760 1216 -1760 1504 0
w -1024 928 -1760 928 0
w -1760 928 -1760 1216 0
w -1760 1216 -2224 1216 0
w -2224 1216 -2224 800 0
w -2224 800 -2256 800 0
w -2256 784 -2208 784 0
w -1024 1440 -1728 1440 0
w -1024 1152 -1728 1152 0
w -1728 1152 -1728 1440 0
w -1024 864 -1728 864 0
w -1728 864 -1728 1152 0
w -1728 1152 -2192 1152 0
w -2192 1152 -2208 1152 0
w -2208 1152 -2208 784 0
w -2304 576 -2304 1024 0
w -2304 1024 -1024 1024 0
w -2320 560 -2320 960 0
w -2320 960 -1024 960 0
w -1024 896 -2336 896 0
w -2336 896 -2336 544 0
w -1024 832 -2176 832 0
w -2176 832 -2176 768 0
w -2176 768 -2368 768 0
w -2368 768 -2368 528 0
w -2352 80 -2352 1600 0
w -2352 1600 -1024 1600 0
w -1856 544 -1856 1408 0
w -1856 1408 -1024 1408 0
w -2208 32 -1824 32 0
w -1824 32 -1824 1472 0
w -1824 1472 -1024 1472 0
w -1824 32 -1024 32 0
w -2192 96 -1808 96 0
w -1808 96 -1024 96 0
w -1024 1536 -1744 1536 0
w -1744 1536 -1808 1536 0
w -1808 1536 -1808 96 0
w -1920 256 -1504 256 0
w -1504 256 -1504 1120 0
w -1504 1120 -1024 1120 0
w -1504 256 -1024 256 0
w -1920 320 -1488 320 0
w -1488 320 -1024 320 0
w -1488 320 -1488 1184 0
w -1488 1184 -1024 1184 0
w -1920 384 -1472 384 0
w -1472 384 -1024 384 0
w -1472 384 -1472 1248 0
w -1472 1248 -1024 1248 0
w -1920 448 -1456 448 0
w -1440 1312 -1024 1312 0
w -1456 448 -1440 448 0
w -1440 448 -1440 1312 0
w -1440 448 -1024 448 0
w -2736 -176 -2720 -176 0
w -2736 -192 -2720 -192 0
w -2736 -208 -2720 -208 0
w -2736 -224 -2720 -224 0
s -2720 -176 -2560 -176 0 1 false
s -2720 -192 -2560 -192 0 1 false
s -2720 -208 -2560 -208 0 1 false
s -2720 -224 -2560 -224 0 1 false
R -2736 -224 -2800 -224 0 0 40 5 0 0 0.5
R -2736 -208 -2800 -208 0 0 40 5 0 0 0.5
R -2736 -192 -2800 -192 0 0 40 5 0 0 0.5
R -2736 -176 -2800 -176 0 0 40 5 0 0 0.5
w -2736 -64 -2720 -64 0
w -2736 -80 -2720 -80 0
w -2736 -96 -2720 -96 0
w -2736 -112 -2720 -112 0
s -2720 -64 -2560 -64 0 1 false
s -2720 -80 -2560 -80 0 1 false
s -2720 -96 -2560 -96 0 1 false
s -2720 -112 -2560 -112 0 1 false
R -2736 -112 -2800 -112 0 0 40 5 0 0 0.5
R -2736 -96 -2800 -96 0 0 40 5 0 0 0.5
R -2736 -80 -2800 -80 0 0 40 5 0 0 0.5
R -2736 -64 -2800 -64 0 0 40 5 0 0 0.5
184 1456 1024 1632 1024 0 2
184 1456 1232 1632 1232 0 2
184 1456 1440 1632 1440 0 2
184 1456 1648 1632 1648 0 2
w 1584 1024 1776 1024 0
w 1632 1056 1632 1232 0
w 1632 1232 1584 1232 0
w 1584 1440 1648 1440 0
w 1648 1440 1648 1088 0
w 1632 1056 1632 1040 0
w 1632 1040 1776 1040 0
w 1648 1088 1648 1056 0
w 1648 1056 1776 1056 0
w 1584 1648 1664 1648 0
w 1664 1648 1664 1072 0
w 1664 1072 1776 1072 0
M 1776 1024 1792 1024 0 2.5
M 1776 1040 1792 1040 0 2.5
M 1776 1056 1792 1056 0 2.5
M 1776 1072 1792 1072 0 2.5
x 1763 1119 1831 1122 4 24 addrM
w 1520 1184 1520 1392 0
w 1520 1392 1520 1600 0
w 1520 1600 1520 1808 0
w 1552 1184 1552 1392 0
w 1552 1392 1552 1600 0
w 1552 1600 1552 1808 0
w 1520 1808 1296 1808 0
w 1552 1808 1552 1824 0
w 1552 1824 1296 1824 0
w 112 672 112 1808 0
w 112 1808 176 1808 0
w 16 528 16 1520 0
w -48 720 -48 1664 0
w 176 1792 -48 1792 0
w -48 1792 -48 1664 0
w 176 1776 16 1776 0
w 16 1776 16 1520 0
w 224 304 80 304 0
w 80 304 80 1760 0
w 80 1760 176 1760 0
152 896 1776 1232 1776 0 2 0 5
152 896 1872 1232 1872 0 2 0 5
w 1296 1824 1232 1824 0
w 1232 1824 1232 1872 0
w 1232 1776 1232 1808 0
w 1232 1808 1280 1808 0
w 1280 1808 1296 1808 0
x 1150 1760 1163 1763 4 24 b
x 1143 1901 1156 1904 4 24 a
150 512 1728 800 1728 0 3 0 5
150 512 1808 800 1808 0 4 0 5
w 800 1808 800 1792 0
w 800 1792 896 1792 0
w 800 1728 800 1760 0
w 800 1760 896 1760 0
150 512 1968 800 1968 0 4 0 5
150 512 1888 800 1888 0 2 0 5
w 800 1888 800 1856 0
w 800 1856 896 1856 0
w 800 1968 832 1968 0
w 832 1968 832 1888 0
w 832 1888 896 1888 0
I 320 1712 512 1712 0 0.5 5
I 320 1728 512 1728 0 0.5 5
I 320 1776 512 1776 0 0.5 5
I 320 1792 512 1792 0 0.5 5
I 320 1824 512 1824 0 0.5 5
w 512 1744 320 1744 0
w 512 1840 320 1840 0
I 320 1872 512 1872 0 0.5 5
w 512 1904 320 1904 0
I 320 1936 512 1936 0 0.5 5
I 320 1952 512 1952 0 0.5 5
I 320 1984 512 1984 0 0.5 5
w 512 2000 320 2000 0
w 176 1760 176 1712 0
w 176 1712 320 1712 0
w 176 1776 192 1776 0
w 192 1776 192 1728 0
w 192 1728 320 1728 0
w 176 1792 208 1792 0
w 208 1792 208 1744 0
w 208 1744 320 1744 0
w 176 1808 176 1840 0
w 176 1840 320 1840 0
w 208 1792 208 1824 0
w 208 1824 320 1824 0
w 192 1776 224 1776 0
w 224 1776 224 1792 0
w 224 1792 320 1792 0
w 176 1760 240 1760 0
w 240 1760 240 1776 0
w 240 1776 320 1776 0
w 80 1760 80 1872 0
w 80 1872 320 1872 0
w 16 1776 16 1904 0
w 16 1904 320 1904 0
w 80 1872 80 1936 0
w 80 1936 320 1936 0
w 16 1904 16 1952 0
w 16 1952 320 1952 0
w -48 1792 -48 1984 0
w -48 1984 320 1984 0
w 112 1808 112 2000 0
w 112 2000 320 2000 0
w 1456 1024 1392 1024 0
w 1456 1232 1392 1232 0
w 1392 1232 1392 1056 0
w 1392 1024 1360 1024 0
w 1456 1440 1376 1440 0
w 1376 1440 1376 1072 0
w 1392 1056 1392 1040 0
w 1392 1040 1360 1040 0
w 1376 1072 1376 1056 0
w 1376 1056 1360 1056 0
w 1456 1648 1360 1648 0
w 1360 1648 1360 1072 0
w 1360 1072 1168 1072 0
w 1360 1056 1168 1056 0
w 1360 1040 1168 1040 0
w 1360 1024 1168 1024 0
w 1456 1056 1408 1056 0
w 1408 1056 1408 1088 0
w 1408 1088 1408 1120 0
w 1408 1120 1168 1120 0
w 1456 1264 1344 1264 0
w 1344 1264 1344 1136 0
w 1344 1136 1168 1136 0
w 1456 1472 1328 1472 0
w 1328 1472 1328 1152 0
w 1328 1152 1168 1152 0
w 1456 1680 1312 1680 0
w 1312 1680 1312 1168 0
w 1312 1168 1168 1168 0
w 1456 1088 1424 1088 0
w 1424 1088 1424 1280 0
w 1424 1280 1296 1280 0
w 1296 1280 1296 1232 0
w 1296 1232 1168 1232 0
w 1456 1296 1280 1296 0
w 1280 1296 1280 1248 0
w 1280 1248 1168 1248 0
w 1456 1504 1264 1504 0
w 1264 1504 1264 1264 0
w 1264 1264 1168 1264 0
w 1456 1712 1248 1712 0
w 1248 1712 1248 1296 0
w 1248 1296 1248 1280 0
w 1248 1280 1168 1280 0
w 1456 1120 1440 1120 0
w 1440 1120 1440 1312 0
w 1456 1328 1456 1376 0
w 1440 1312 1440 1344 0
w 1440 1344 1168 1344 0
w 1456 1376 1232 1376 0
w 1232 1376 1232 1360 0
w 1232 1360 1168 1360 0
w 1456 1536 1216 1536 0
w 1216 1536 1216 1376 0
w 1216 1376 1168 1376 0
w 1456 1744 1200 1744 0
w 1200 1728 1200 1392 0
w 1200 1392 1168 1392 0
w 1168 1392 -80 1392 0
w -80 1392 -80 1920 0
w 1168 1376 -96 1376 0
w 1168 1360 -112 1360 0
w 1168 1344 -128 1344 0
w -96 1376 -96 1904 0
w -112 1360 -112 1888 0
w -128 1344 -128 1872 0
w -80 1920 -1152 1920 0
w -96 1904 -1152 1904 0
w -112 1888 -1152 1888 0
w -128 1872 -1152 1872 0
w 1168 1280 -160 1296 0
w -160 1296 -160 1824 0
w -160 1824 -336 1824 0
w 1168 1264 -176 1280 0
w -176 1280 -176 1808 0
w -176 1808 -336 1808 0
w 1168 1248 -192 1264 0
w -192 1264 -192 1792 0
w -192 1792 -336 1792 0
w 1168 1232 -208 1248 0
w -208 1248 -208 1776 0
w -208 1776 -336 1776 0
w 1168 1168 -240 1184 0
w 1168 1152 -256 1168 0
w 1168 1136 -272 1152 0
w 1168 1120 -288 1136 0
w -240 1184 -240 1728 0
w -256 1168 -256 1712 0
w -272 1152 -272 1696 0
w -288 1136 -288 1664 0
w -288 1664 -288 1680 0
w -336 1824 -1152 1824 0
w -336 1808 -1152 1808 0
w -336 1792 -1152 1792 0
w -336 1776 -1152 1776 0
w -240 1728 -1152 1728 0
w -256 1712 -1152 1712 0
w -272 1696 -1152 1696 0
w -288 1680 -1152 1680 0
w -2256 1344 -2256 1920 0
w -2256 1920 -1152 1920 0
w -2240 1280 -2240 1904 0
w -2240 1904 -1152 1904 0
w -1152 1888 -2224 1888 0
w -2224 1888 -2224 1216 0
w -2208 1152 -2208 1872 0
w -2208 1872 -1152 1872 0
w 1168 1072 -304 1088 0
w 1168 1056 -320 1072 0
w 1168 1040 -336 1056 0
w 1168 1024 -352 1040 0
w -304 1088 -304 2064 0
w -320 1072 -320 2032 0
w -320 2032 -320 2048 0
w -304 2064 -1136 2064 0
w -320 2048 -1136 2048 0
w -336 1056 -336 2032 0
w -336 2032 -1136 2032 0
w -352 1040 -352 2016 0
w -352 2016 -1136 2016 0
w -1904 1824 -1152 1824 0
w -1920 1808 -1152 1808 0
w -1920 1808 -1936 1808 0
w -1904 1824 -1920 1824 0
w -1920 768 -1920 1824 0
w -1936 704 -1936 1808 0
w -1952 640 -1952 1792 0
w -1952 1792 -1152 1792 0
w -1968 528 -1968 1776 0
w -1968 1776 -1152 1776 0
w -1504 1120 -1504 1680 0
w -1504 1680 -1152 1680 0
w -1488 1184 -1488 1696 0
w -1488 1696 -1152 1696 0
w -1472 1248 -1472 1712 0
w -1472 1712 -1152 1712 0
w -1424 1728 -1152 1728 0
w -1440 1312 -1440 1728 0
w -1440 1728 -1424 1728 0
w -2352 1600 -2352 2064 0
w -2352 2064 -1136 2064 0
w -1808 1536 -1808 2048 0
w -1808 2048 -1136 2048 0
w -1824 1472 -1824 2032 0
w -1824 2032 -1136 2032 0
w -1856 1408 -1856 2016 0
w -1856 2016 -1136 2016 0
b 1872 816 453 997 0
b -144 992 1874 2027 0
b -3040 -336 -2353 167 0
b -320 -320 443 981 0
b 1920 -304 450 822 0
b -2288 -288 -377 1660 0
x 1273 1969 1751 1972 4 40 Logica\smultiplexare\sadrese
x 1350 786 1865 789 4 40 Logica\sde\sinsumare\sa\sdatelor
x -3076 129 -2356 132 4 40 Logica\ssecventiala\sa\sunitatii\sde\scomanda
x -1587 -250 -1187 -247 4 40 Comparator\sde\sadrese
x -277 -272 398 -269 4 40 Logica\sde\scomanda\sa\smultiplexoarelor
x 1150 856 1568 859 4 40 Logica\sde\sacknowledge
